HMMER3/f [3.4 | Aug 2023]
NAME  kunitz_seed_v2
LENG  56
ALPH  amino
RF    no
MM    no
CONS  yes
CS    no
MAP   yes
DATE  Mon May 18 16:58:52 2026
NSEQ  19
EFFN  1.674561
CKSUM 2241721066
STATS LOCAL MSV       -8.9298  0.71898
STATS LOCAL VITERBI   -8.9786  0.71898
STATS LOCAL FORWARD   -4.2434  0.71898
HMM          A        C        D        E        F        G        H        I        K        L        M        N        P        Q        R        S        T        V        W        Y   
            m->m     m->i     m->d     i->m     i->i     d->m     d->d
  COMPO   2.51851  2.72015  3.10838  2.69761  2.88097  2.47490  3.94369  3.33520  2.67663  2.94091  3.95105  2.82157  3.56764  3.16364  2.85930  2.83628  3.00360  3.09574  4.48276  2.93137
          2.68651  4.42258  2.77519  2.73059  3.46386  2.40532  3.72373  3.29331  2.67758  2.69341  4.24660  2.90358  2.73722  3.18114  2.89833  2.37908  2.77484  2.98551  4.58509  3.61536
          0.51746  1.68873  1.51771  1.81717  0.17732  0.00000        *
      1   2.54361  4.95040  3.03442  2.46479  4.23124  3.47353  3.64087  3.65466  2.17859  3.21596  3.40179  2.69285  3.86042  2.42147  2.07062  2.68503  2.90059  3.02268  5.41334  4.07738     28 r - - -
          2.68618  4.42225  2.77519  2.73123  3.46354  2.40513  3.72494  3.29354  2.67741  2.69355  4.24690  2.90347  2.73739  3.18146  2.89801  2.37887  2.77519  2.98518  4.58477  3.61503
          0.02173  4.23592  4.95827  0.61958  0.77255  0.53740  0.87771
      2   2.21946  4.78766  3.12501  2.59578  4.10514  3.47322  3.23540  3.51452  2.55361  3.13100  3.95566  3.08835  2.16581  2.92889  2.75899  2.72092  2.28839  3.18811  5.38185  4.06833     29 p - - -
          2.68618  4.42225  2.77519  2.73123  3.46354  2.40513  3.72494  3.29354  2.67741  2.69355  4.24690  2.90347  2.73739  3.18146  2.89801  2.37887  2.77519  2.98518  4.58477  3.61503
          0.08361  4.36274  2.69609  0.61958  0.77255  0.39491  1.12006
      3   2.37012  5.34401  1.82709  1.75832  4.66245  3.44666  3.19485  4.15100  2.58015  3.64179  4.41157  2.91240  3.92306  2.87908  3.09953  2.35207  3.08203  3.72439  5.79009  4.35728     30 e - - -
          2.68618  4.42225  2.77519  2.73123  3.46354  2.40513  3.72494  3.29354  2.67741  2.69355  4.24690  2.90347  2.73739  3.18146  2.89801  2.37887  2.77519  2.98518  4.58477  3.61503
          0.01804  4.42008  5.14242  0.61958  0.77255  0.57319  0.82948
      4   2.81793  4.36221  2.69445  3.43096  1.74733  3.88143  4.14958  2.11082  3.36760  2.35553  3.39449  3.74482  4.24847  3.62374  3.63842  3.16362  3.05401  2.12426  4.92579  3.65667     31 f - - -
          2.68621  4.42228  2.77522  2.73126  3.46324  2.40515  3.72497  3.29357  2.67743  2.69358  4.24692  2.90349  2.73742  3.18149  2.89803  2.37889  2.77522  2.98521  4.58480  3.61439
          0.17886  2.01243  3.50282  0.26636  1.45312  0.43473  1.04253
      5   3.43390  0.26857  5.01156  4.90602  4.82815  3.89885  5.43523  4.12409  4.76160  3.98436  5.13505  4.75799  4.64118  5.08226  4.76837  3.70173  3.94900  3.81459  6.06274  5.09969     33 C - - -
          2.68599  4.42226  2.77521  2.73124  3.46355  2.40514  3.72496  3.29355  2.67742  2.69356  4.24691  2.90348  2.73741  3.18148  2.89802  2.37888  2.77521  2.98520  4.58478  3.61504
          0.07610  2.69375  5.17547  0.37905  1.15363  0.46295  0.99270
      6   2.35404  4.43006  3.53958  2.98275  3.11360  3.65726  3.91993  2.93504  2.64018  1.62396  3.53983  2.94433  4.04467  3.24392  3.28357  2.57299  2.92808  2.70753  5.01433  3.77591     35 l - - -
          2.68618  4.42225  2.77519  2.73123  3.46354  2.40513  3.72494  3.29354  2.67741  2.69355  4.24690  2.90347  2.73739  3.18146  2.89801  2.37887  2.77519  2.98518  4.58477  3.61503
          0.01704  4.47633  5.19868  0.61958  0.77255  0.48576  0.95510
      7   2.39613  4.47487  3.56374  1.93545  2.88020  3.70552  3.96228  2.86640  2.96803  1.90837  3.53224  3.42668  4.08575  3.27627  3.33074  2.95386  2.97005  2.46909  5.05936  3.81873     36 l - - -
          2.68618  4.42225  2.77519  2.73123  3.46354  2.40513  3.72494  3.29354  2.67741  2.69355  4.24690  2.90347  2.73739  3.18146  2.89801  2.37887  2.77519  2.98518  4.58477  3.61503
          0.01704  4.47633  5.19868  0.61958  0.77255  0.48576  0.95510
      8   2.53002  5.15270  2.93292  2.27317  4.47131  3.49469  3.71289  3.92761  2.18279  3.44849  4.22069  2.98400  2.07248  2.51966  2.92348  2.25716  2.98557  3.53325  5.61362  4.23203     37 p - - -
          2.68618  4.42225  2.77519  2.73123  3.46354  2.40513  3.72494  3.29354  2.67741  2.69355  4.24690  2.90347  2.73739  3.18146  2.89801  2.37887  2.77519  2.98518  4.58477  3.61503
          0.01704  4.47633  5.19868  0.61958  0.77255  0.48576  0.95510
      9   2.19459  4.95169  3.05693  2.33999  4.20844  3.51282  3.71460  3.13416  2.19117  2.90388  4.02013  2.64439  2.48892  2.85363  2.95900  2.71790  2.93006  3.29343  5.44338  4.09706     38 k - - -
          2.68618  4.42225  2.77519  2.73123  3.46354  2.40513  3.72494  3.29354  2.67741  2.69355  4.24690  2.90347  2.73739  3.18146  2.89801  2.37887  2.77519  2.98518  4.58477  3.61503
          0.01704  4.47633  5.19868  0.61958  0.77255  0.48576  0.95510
     10   2.73379  5.04712  2.06273  2.24711  4.30966  3.50174  3.72516  3.75103  2.24865  3.31793  4.11219  3.00335  3.91289  2.85811  2.98798  2.73378  2.96776  2.72060  5.52258  2.49049     39 d - - -
          2.68618  4.42225  2.77519  2.73123  3.46354  2.40513  3.72494  3.29354  2.67741  2.69355  4.24690  2.90347  2.73739  3.18146  2.89801  2.37887  2.77519  2.98518  4.58477  3.61503
          0.01704  4.47633  5.19868  0.61958  0.77255  0.48576  0.95510
     11   2.29892  4.97871  2.52176  2.30959  4.24304  3.50228  3.70248  3.67516  2.48124  3.24916  4.04271  3.01243  3.35823  2.83482  2.67607  2.70234  2.36730  2.64280  5.46408  3.47627     40 a - - -
          2.68618  4.42225  2.77519  2.73123  3.46354  2.40513  3.72494  3.29354  2.67741  2.69355  4.24690  2.90347  2.73739  3.18146  2.89801  2.37887  2.77519  2.98518  4.58477  3.61503
          0.01704  4.47633  5.19868  0.61958  0.77255  0.48576  0.95510
     12   3.58190  5.25548  4.37248  4.36283  5.41549  0.20526  5.40059  5.20540  4.62151  4.76127  5.77049  4.53995  4.65847  4.89886  4.75105  3.77667  4.10632  4.61690  6.30945  5.55141     41 G - - -
          2.68618  4.42225  2.77519  2.73123  3.46354  2.40513  3.72494  3.29354  2.67741  2.69355  4.24690  2.90347  2.73739  3.18146  2.89801  2.37887  2.77519  2.98518  4.58477  3.61503
          0.01704  4.47633  5.19868  0.61958  0.77255  0.48576  0.95510
     13   2.58262  4.71074  3.33084  2.78241  4.01865  3.55358  3.86900  2.94356  2.66068  3.04385  3.90233  3.23881  1.69820  3.06875  2.37953  2.81831  2.64298  3.08316  5.34429  4.06702     42 p - - -
          2.68618  4.42225  2.77519  2.73123  3.46354  2.40513  3.72494  3.29354  2.67741  2.69355  4.24690  2.90347  2.73739  3.18146  2.89801  2.37887  2.77519  2.98518  4.58477  3.61503
          0.01704  4.47633  5.19868  0.61958  0.77255  0.48576  0.95510
     14   2.74370  0.59086  4.61248  4.43047  4.74635  2.19928  5.09873  4.12300  4.32707  3.92361  4.82652  4.17180  4.22063  4.57571  4.41903  2.97703  3.28225  3.60521  6.06011  5.01121     43 C - - -
          2.68618  4.42225  2.77519  2.73123  3.46354  2.40513  3.72494  3.29354  2.67741  2.69355  4.24690  2.90347  2.73739  3.18146  2.89801  2.37887  2.77519  2.98518  4.58477  3.61503
          0.01704  4.47633  5.19868  0.61958  0.77255  0.48576  0.95510
     15   2.76874  5.41464  3.75322  3.03469  4.92898  3.90425  3.82710  4.24931  1.58654  3.66999  4.52925  3.42993  4.26336  2.95446  1.03732  3.26823  3.44128  3.91773  5.69943  4.54358     44 r - - -
          2.68618  4.42225  2.77519  2.73123  3.46354  2.40513  3.72494  3.29354  2.67741  2.69355  4.24690  2.90347  2.73739  3.18146  2.89801  2.37887  2.77519  2.98518  4.58477  3.61503
          0.01704  4.47633  5.19868  0.61958  0.77255  0.48576  0.95510
     16   0.97420  4.78738  2.56452  2.87568  4.67436  2.22774  4.23108  4.10779  3.18686  3.73869  4.55788  3.29429  4.02065  3.43117  3.63708  2.80770  3.12366  3.61512  5.95507  4.64347     45 a - - -
          2.68618  4.42225  2.77519  2.73123  3.46354  2.40513  3.72494  3.29354  2.67741  2.69355  4.24690  2.90347  2.73739  3.18146  2.89801  2.37887  2.77519  2.98518  4.58477  3.61503
          0.01659  4.50291  5.22525  0.61958  0.77255  0.48576  0.95510
     17   2.47500  3.24913  4.16257  3.57505  2.57770  3.79571  4.09890  2.42610  3.45366  2.03679  3.00565  3.77971  4.16511  3.67260  2.62813  2.44334  2.92418  2.41938  4.77799  3.11161     46 l - - -
          2.68618  4.42225  2.77519  2.73123  3.46354  2.40513  3.72494  3.29354  2.67741  2.69355  4.24690  2.90347  2.73739  3.18146  2.89801  2.37887  2.77519  2.98518  4.58477  3.61503
          0.01659  4.50291  5.22525  0.61958  0.77255  0.48576  0.95510
     18   2.90266  4.28801  4.66657  4.07044  2.33090  4.06738  3.71092  1.48132  3.89825  1.90406  2.26645  4.15672  4.39998  4.03970  3.96748  3.37704  3.13175  2.41423  4.83832  3.63943     47 i - - -
          2.68618  4.42225  2.77519  2.73123  3.46354  2.40513  3.72494  3.29354  2.67741  2.69355  4.24690  2.90347  2.73739  3.18146  2.89801  2.37887  2.77519  2.98518  4.58477  3.61503
          0.01659  4.50291  5.22525  0.61958  0.77255  0.48576  0.95510
     19   2.69659  4.48683  3.47163  2.90660  3.34408  3.64754  3.89049  2.23064  2.48942  2.21920  3.58622  3.33981  2.88498  2.82040  3.24406  2.56906  2.67205  2.76587  5.05921  3.81193     48 l - - -
          2.68618  4.42225  2.77519  2.73123  3.46354  2.40513  3.72494  3.29354  2.67741  2.69355  4.24690  2.90347  2.73739  3.18146  2.89801  2.37887  2.77519  2.98518  4.58477  3.61503
          0.01659  4.50291  5.22525  0.61958  0.77255  0.48576  0.95510
     20   3.37310  5.39947  3.96729  3.17526  4.81197  4.00049  3.86431  4.13698  1.87728  2.84778  4.48746  3.53461  4.33886  3.00511  0.85821  3.38553  3.51740  3.85416  5.65420  4.51255     49 r - - -
          2.68618  4.42225  2.77519  2.73123  3.46354  2.40513  3.72494  3.29354  2.67741  2.69355  4.24690  2.90347  2.73739  3.18146  2.89801  2.37887  2.77519  2.98518  4.58477  3.61503
          0.01659  4.50291  5.22525  0.61958  0.77255  0.48576  0.95510
     21   4.47605  5.45678  5.37610  5.25954  1.70842  5.02133  3.71546  4.10219  5.04153  3.30126  4.63334  4.57822  5.27970  4.73612  4.87207  4.41556  4.67105  4.03420  1.33489  1.02514     50 y - - -
          2.68618  4.42225  2.77519  2.73123  3.46354  2.40513  3.72494  3.29354  2.67741  2.69355  4.24690  2.90347  2.73739  3.18146  2.89801  2.37887  2.77519  2.98518  4.58477  3.61503
          0.01659  4.50291  5.22525  0.61958  0.77255  0.48576  0.95510
     22   2.78429  4.95394  4.99323  4.61992  1.13429  4.57811  3.80352  3.47563  4.44380  2.95596  4.08887  4.35276  4.89185  4.40170  4.44023  3.92059  3.91642  3.33721  3.04755  1.26707     51 f - - -
          2.68618  4.42225  2.77519  2.73123  3.46354  2.40513  3.72494  3.29354  2.67741  2.69355  4.24690  2.90347  2.73739  3.18146  2.89801  2.37887  2.77519  2.98518  4.58477  3.61503
          0.01659  4.50291  5.22525  0.61958  0.77255  0.48576  0.95510
     23   4.45624  5.46255  5.32335  5.19837  1.23670  5.00132  3.73894  4.04231  4.99543  3.23229  4.58591  4.57750  5.27104  4.72684  4.85315  4.40828  4.66004  3.99657  3.82296  0.72371     52 y - - -
          2.68618  4.42225  2.77519  2.73123  3.46354  2.40513  3.72494  3.29354  2.67741  2.69355  4.24690  2.90347  2.73739  3.18146  2.89801  2.37887  2.77519  2.98518  4.58477  3.61503
          0.01659  4.50291  5.22525  0.61958  0.77255  0.48576  0.95510
     24   3.30258  5.89706  1.21934  2.38194  5.21840  3.49399  4.11899  4.81931  3.21299  4.29358  5.16911  1.24465  4.15765  3.29876  3.85205  3.17049  3.61826  4.35265  6.40523  4.85745     53 d - - -
          2.68618  4.42225  2.77519  2.73123  3.46354  2.40513  3.72494  3.29354  2.67741  2.69355  4.24690  2.90347  2.73739  3.18146  2.89801  2.37887  2.77519  2.98518  4.58477  3.61503
          0.01659  4.50291  5.22525  0.61958  0.77255  0.48576  0.95510
     25   1.86607  4.52431  3.43964  2.87979  3.70095  3.62522  3.89109  2.60508  2.83953  2.76262  3.64195  2.95145  2.80709  3.16431  2.88537  2.86702  2.93492  2.25442  5.11289  3.85934     54 a - - -
          2.68618  4.42225  2.77519  2.73123  3.46354  2.40513  3.72494  3.29354  2.67741  2.69355  4.24690  2.90347  2.73739  3.18146  2.89801  2.37887  2.77519  2.98518  4.58477  3.61503
          0.01659  4.50291  5.22525  0.61958  0.77255  0.48576  0.95510
     26   2.50339  4.76629  3.18823  2.62917  3.13528  3.56029  3.77397  3.36801  2.16568  3.00936  3.84774  2.81523  3.63148  2.70702  3.05818  2.77203  2.14118  2.76243  5.29381  3.40069     55 t - - -
          2.68618  4.42225  2.77519  2.73123  3.46354  2.40513  3.72494  3.29354  2.67741  2.69355  4.24690  2.90347  2.73739  3.18146  2.89801  2.37887  2.77519  2.98518  4.58477  3.61503
          0.01659  4.50291  5.22525  0.61958  0.77255  0.48576  0.95510
     27   2.08436  5.20217  2.53670  1.93140  4.51863  3.48639  3.72823  3.98455  2.29563  3.49968  4.26651  2.96783  3.91370  2.84337  2.99615  2.73518  2.06327  3.57965  5.66240  4.26300     56 e - - -
          2.68618  4.42225  2.77519  2.73123  3.46354  2.40513  3.72494  3.29354  2.67741  2.69355  4.24690  2.90347  2.73739  3.18146  2.89801  2.37887  2.77519  2.98518  4.58477  3.61503
          0.01659  4.50291  5.22525  0.61958  0.77255  0.48576  0.95510
     28   2.97008  5.29495  3.20420  2.66369  4.68306  1.65364  3.77218  4.09670  1.93711  3.57128  4.37379  3.16064  4.06289  2.23567  2.22953  2.94743  3.18030  3.72056  5.67528  4.37951     57 g - - -
          2.68618  4.42225  2.77519  2.73123  3.46354  2.40513  3.72494  3.29354  2.67741  2.69355  4.24690  2.90347  2.73739  3.18146  2.89801  2.37887  2.77519  2.98518  4.58477  3.61503
          0.01659  4.50291  5.22525  0.61958  0.77255  0.48576  0.95510
     29   2.37680  4.81989  3.17048  2.61114  4.03948  3.55850  3.76502  2.89354  2.10154  2.47350  3.90011  3.11600  3.94764  2.37364  3.01122  2.23043  2.94169  3.13911  5.33840  4.02700     58 k - - -
          2.68618  4.42225  2.77519  2.73123  3.46354  2.40513  3.72494  3.29354  2.67741  2.69355  4.24690  2.90347  2.73739  3.18146  2.89801  2.37887  2.77519  2.98518  4.58477  3.61503
          0.03957  4.50291  3.58565  0.61958  0.77255  0.48576  0.95510
     30   1.94095  0.74262  4.62463  4.39140  4.48283  3.31024  4.99750  3.52785  4.22454  3.51153  4.48356  4.05238  4.11538  4.46128  4.31794  2.80879  3.09013  3.12979  5.96516  4.82518     59 c - - -
          2.68618  4.42225  2.77519  2.73123  3.46354  2.40513  3.72494  3.29354  2.67741  2.69355  4.24690  2.90347  2.73739  3.18146  2.89801  2.37887  2.77519  2.98518  4.58477  3.61503
          0.01698  4.48031  5.20266  0.61958  0.77255  0.46295  0.99270
     31   2.21191  5.15355  3.00503  2.07377  4.47398  3.50971  3.69003  3.93113  2.17667  3.44132  4.20528  2.99161  3.90350  1.98198  2.62915  2.71366  2.96429  3.06697  5.59543  4.21691     60 q - - -
          2.68618  4.42225  2.77519  2.73123  3.46354  2.40513  3.72494  3.29354  2.67741  2.69355  4.24690  2.90347  2.73739  3.18146  2.89801  2.37887  2.77519  2.98518  4.58477  3.61503
          0.01659  4.50291  5.22525  0.61958  0.77255  0.48576  0.95510
     32   2.38462  5.03752  3.02535  2.22208  4.31949  3.50384  3.69971  3.76102  2.46255  2.72328  4.09798  3.00409  2.90807  2.60667  2.48898  2.41692  2.50066  3.39428  5.51182  4.14572     61 e - - -
          2.68618  4.42225  2.77519  2.73123  3.46354  2.40513  3.72494  3.29354  2.67741  2.69355  4.24690  2.90347  2.73739  3.18146  2.89801  2.37887  2.77519  2.98518  4.58477  3.61503
          0.01659  4.50291  5.22525  0.61958  0.77255  0.48576  0.95510
     33   4.18595  5.40855  5.12524  4.99304  0.36455  4.64185  4.32747  3.68794  4.89981  2.92410  4.33989  4.79942  5.11227  4.90069  4.86147  4.39329  4.50021  3.71813  4.45920  2.77644     62 F - - -
          2.68618  4.42225  2.77519  2.73123  3.46354  2.40513  3.72494  3.29354  2.67741  2.69355  4.24690  2.90347  2.73739  3.18146  2.89801  2.37887  2.77519  2.98518  4.58477  3.61503
          0.01659  4.50291  5.22525  0.61958  0.77255  0.48576  0.95510
     34   2.69235  3.21443  4.42222  3.82177  2.94090  3.83417  4.15421  2.36359  3.14688  2.13929  3.22376  3.91600  3.35677  3.82959  3.74535  3.13469  2.92448  1.56174  3.58950  3.25052     63 v - - -
          2.68618  4.42225  2.77519  2.73123  3.46354  2.40513  3.72494  3.29354  2.67741  2.69355  4.24690  2.90347  2.73739  3.18146  2.89801  2.37887  2.77519  2.98518  4.58477  3.61503
          0.01659  4.50291  5.22525  0.61958  0.77255  0.48576  0.95510
     35   4.27273  5.50100  4.82904  4.70930  2.60240  4.61136  4.09765  4.21783  4.55838  3.49895  4.82703  4.58119  5.08543  4.69628  4.59410  4.32862  4.57035  4.12103  4.25692  0.34070     64 Y - - -
          2.68618  4.42225  2.77519  2.73123  3.46354  2.40513  3.72494  3.29354  2.67741  2.69355  4.24690  2.90347  2.73739  3.18146  2.89801  2.37887  2.77519  2.98518  4.58477  3.61503
          0.01659  4.50291  5.22525  0.61958  0.77255  0.48576  0.95510
     36   3.62781  5.29537  4.42279  4.41709  5.46310  0.19437  5.44916  5.26301  4.67861  4.81321  5.82493  4.59036  4.69827  4.95392  4.80197  3.82371  4.15368  4.66965  6.34686  5.60094     65 G - - -
          2.68618  4.42225  2.77519  2.73123  3.46354  2.40513  3.72494  3.29354  2.67741  2.69355  4.24690  2.90347  2.73739  3.18146  2.89801  2.37887  2.77519  2.98518  4.58477  3.61503
          0.01659  4.50291  5.22525  0.61958  0.77255  0.48576  0.95510
     37   3.62781  5.29537  4.42279  4.41709  5.46310  0.19437  5.44916  5.26301  4.67861  4.81321  5.82493  4.59036  4.69827  4.95392  4.80197  3.82371  4.15368  4.66965  6.34686  5.60094     66 G - - -
          2.68618  4.42225  2.77519  2.73123  3.46354  2.40513  3.72494  3.29354  2.67741  2.69355  4.24690  2.90347  2.73739  3.18146  2.89801  2.37887  2.77519  2.98518  4.58477  3.61503
          0.01659  4.50291  5.22525  0.61958  0.77255  0.48576  0.95510
     38   2.81959  0.84831  4.81091  4.46026  4.03918  3.68408  4.99690  2.68523  4.25998  2.86449  4.01747  4.28273  4.38476  4.51656  4.37017  3.16341  3.26941  1.95805  5.71571  4.49912     67 c - - -
          2.68618  4.42225  2.77519  2.73123  3.46354  2.40513  3.72494  3.29354  2.67741  2.69355  4.24690  2.90347  2.73739  3.18146  2.89801  2.37887  2.77519  2.98518  4.58477  3.61503
          0.01659  4.50291  5.22525  0.61958  0.77255  0.48576  0.95510
     39   2.52112  5.13272  2.74370  2.06669  4.44159  2.60502  3.68883  3.90185  2.43856  2.55193  4.18502  2.97397  3.88941  2.55560  2.37117  2.69462  2.94687  3.50412  5.58672  4.19955     68 e - - -
          2.68618  4.42225  2.77519  2.73123  3.46354  2.40513  3.72494  3.29354  2.67741  2.69355  4.24690  2.90347  2.73739  3.18146  2.89801  2.37887  2.77519  2.98518  4.58477  3.61503
          0.01659  4.50291  5.22525  0.61958  0.77255  0.48576  0.95510
     40   1.43721  4.47718  3.95135  3.80174  4.91338  0.86121  4.85031  4.33248  3.94668  4.05206  4.87076  3.79314  4.05156  4.17217  4.18551  2.74403  3.09124  3.65927  6.23327  5.09481     69 g - - -
          2.68618  4.42225  2.77519  2.73123  3.46354  2.40513  3.72494  3.29354  2.67741  2.69355  4.24690  2.90347  2.73739  3.18146  2.89801  2.37887  2.77519  2.98518  4.58477  3.61503
          0.01659  4.50291  5.22525  0.61958  0.77255  0.48576  0.95510
     41   3.14110  5.43637  2.95651  2.68143  4.85469  3.64990  3.94165  4.33172  1.64618  3.81128  4.65346  1.17163  4.15867  3.08907  2.83135  3.10522  3.39132  3.94178  5.87686  4.55612     70 n - - -
          2.68618  4.42225  2.77519  2.73123  3.46354  2.40513  3.72494  3.29354  2.67741  2.69355  4.24690  2.90347  2.73739  3.18146  2.89801  2.37887  2.77519  2.98518  4.58477  3.61503
          0.01659  4.50291  5.22525  0.61958  0.77255  0.48576  0.95510
     42   2.52451  5.14789  3.01053  2.28040  4.46822  3.05743  3.68482  3.92645  2.17668  3.43608  3.51648  2.98867  3.89842  2.45727  1.91208  2.52714  2.95610  3.52586  5.58994  4.21050     71 r - - -
          2.68618  4.42225  2.77519  2.73123  3.46354  2.40513  3.72494  3.29354  2.67741  2.69355  4.24690  2.90347  2.73739  3.18146  2.89801  2.37887  2.77519  2.98518  4.58477  3.61503
          0.01659  4.50291  5.22525  0.61958  0.77255  0.48576  0.95510
     43   3.42146  5.35803  3.29518  3.26494  4.84328  3.75631  4.65635  4.74831  3.64917  4.32388  5.30984  0.40278  4.45398  3.96887  3.99366  3.48705  3.84526  4.29777  6.06483  4.77600     72 N - - -
          2.68618  4.42225  2.77519  2.73123  3.46354  2.40513  3.72494  3.29354  2.67741  2.69355  4.24690  2.90347  2.73739  3.18146  2.89801  2.37887  2.77519  2.98518  4.58477  3.61503
          0.01659  4.50291  5.22525  0.61958  0.77255  0.48576  0.95510
     44   3.09351  5.39007  3.21204  2.73356  4.80601  3.71884  3.82233  4.21537  1.87060  3.66869  4.49093  1.26685  4.13538  2.94855  2.16128  3.06339  3.29947  3.84417  5.74156  4.47019     73 n - - -
          2.68618  4.42225  2.77519  2.73123  3.46354  2.40513  3.72494  3.29354  2.67741  2.69355  4.24690  2.90347  2.73739  3.18146  2.89801  2.37887  2.77519  2.98518  4.58477  3.61503
          0.01659  4.50291  5.22525  0.61958  0.77255  0.48576  0.95510
     45   4.36881  5.41597  5.28656  5.13400  0.59272  4.96067  3.76174  3.93693  4.93574  3.14340  4.49095  4.56842  5.23768  4.70300  4.81485  4.36764  4.57841  3.89968  3.85080  1.55829     74 F - - -
          2.68618  4.42225  2.77519  2.73123  3.46354  2.40513  3.72494  3.29354  2.67741  2.69355  4.24690  2.90347  2.73739  3.18146  2.89801  2.37887  2.77519  2.98518  4.58477  3.61503
          0.01659  4.50291  5.22525  0.61958  0.77255  0.48576  0.95510
     46   2.38695  5.08804  2.55246  2.01490  4.38134  3.07628  3.69443  3.83304  2.17371  2.66669  4.14356  2.98463  3.89145  2.81149  2.93869  2.69684  2.94041  3.45072  5.55235  3.06695     75 e - - -
          2.68618  4.42225  2.77519  2.73123  3.46354  2.40513  3.72494  3.29354  2.67741  2.69355  4.24690  2.90347  2.73739  3.18146  2.89801  2.37887  2.77519  2.98518  4.58477  3.61503
          0.01659  4.50291  5.22525  0.61958  0.77255  0.48576  0.95510
     47   2.66167  4.71112  3.40627  2.92385  4.38177  3.42351  4.04322  3.79328  2.81096  3.41711  4.24038  3.32065  3.99135  3.22669  2.54984  1.35977  1.81672  3.38521  5.64558  4.36667     76 s - - -
          2.68618  4.42225  2.77519  2.73123  3.46354  2.40513  3.72494  3.29354  2.67741  2.69355  4.24690  2.90347  2.73739  3.18146  2.89801  2.37887  2.77519  2.98518  4.58477  3.61503
          0.01659  4.50291  5.22525  0.61958  0.77255  0.48576  0.95510
     48   2.10157  4.89170  3.10976  1.92764  4.12700  3.53761  3.74068  3.54076  2.38215  2.49799  3.96428  3.07227  3.92818  2.63864  2.98981  2.63753  2.93828  3.22227  3.94638  4.06504     77 e - - -
          2.68618  4.42225  2.77519  2.73123  3.46354  2.40513  3.72494  3.29354  2.67741  2.69355  4.24690  2.90347  2.73739  3.18146  2.89801  2.37887  2.77519  2.98518  4.58477  3.61503
          0.01659  4.50291  5.22525  0.61958  0.77255  0.48576  0.95510
     49   2.41014  5.36854  2.77698  1.17680  4.72123  3.53388  3.84196  4.16975  2.09126  3.68025  4.47922  3.02310  4.02037  2.97295  3.02400  2.90277  3.19601  3.76926  5.82929  4.44038     78 e - - -
          2.68618  4.42225  2.77519  2.73123  3.46354  2.40513  3.72494  3.29354  2.67741  2.69355  4.24690  2.90347  2.73739  3.18146  2.89801  2.37887  2.77519  2.98518  4.58477  3.61503
          0.01659  4.50291  5.22525  0.61958  0.77255  0.48576  0.95510
     50   2.35546  5.30442  2.07047  1.47800  4.59780  3.48833  3.78854  4.07640  2.60885  3.59337  4.37379  2.96228  3.95546  2.91425  3.11980  2.80695  3.09553  3.67326  5.75728  3.02507     79 e - - -
          2.68618  4.42225  2.77519  2.73123  3.46354  2.40513  3.72494  3.29354  2.67741  2.69355  4.24690  2.90347  2.73739  3.18146  2.89801  2.37887  2.77519  2.98518  4.58477  3.61503
          0.03957  4.50291  3.58565  0.61958  0.77255  0.48576  0.95510
     51   1.94095  0.74262  4.62463  4.39140  4.48283  3.31024  4.99750  3.52785  4.22454  3.51153  4.48356  4.05238  4.11538  4.46128  4.31794  2.80879  3.09013  3.12979  5.96516  4.82518     80 c - - -
          2.68618  4.42225  2.77519  2.73123  3.46354  2.40513  3.72494  3.29354  2.67741  2.69355  4.24690  2.90347  2.73739  3.18146  2.89801  2.37887  2.77519  2.98518  4.58477  3.61503
          0.01698  4.48031  5.20266  0.61958  0.77255  0.46295  0.99270
     52   2.70338  4.74602  2.89659  2.44447  3.94495  3.57165  3.78423  2.83505  2.18604  2.32588  2.52249  3.14923  3.95851  2.97465  2.74458  2.78637  2.93418  3.05414  5.27634  3.97818     81 k - - -
          2.68618  4.42225  2.77519  2.73123  3.46354  2.40513  3.72494  3.29354  2.67741  2.69355  4.24690  2.90347  2.73739  3.18146  2.89801  2.37887  2.77519  2.98518  4.58477  3.61503
          0.01659  4.50291  5.22525  0.61958  0.77255  0.48576  0.95510
     53   2.13071  5.16843  2.72171  2.25044  4.49362  3.48966  3.67828  3.96202  1.94985  2.92563  4.21612  2.71942  3.88502  2.78333  2.38832  2.68810  2.94640  3.54868  5.61054  4.21723     82 k - - -
          2.68618  4.42225  2.77519  2.73123  3.46354  2.40513  3.72494  3.29354  2.67741  2.69355  4.24690  2.90347  2.73739  3.18146  2.89801  2.37887  2.77519  2.98518  4.58477  3.61503
          0.01659  4.50291  5.22525  0.61958  0.77255  0.48576  0.95510
     54   1.97433  4.24440  3.94178  3.36371  3.35851  3.76248  4.05017  2.46694  2.94404  2.43972  2.77129  3.65453  4.13544  3.53008  3.52502  3.03484  2.35266  2.01623  4.85260  3.09447     83 a - - -
          2.68618  4.42225  2.77519  2.73123  3.46354  2.40513  3.72494  3.29354  2.67741  2.69355  4.24690  2.90347  2.73739  3.18146  2.89801  2.37887  2.77519  2.98518  4.58477  3.61503
          0.03957  4.50291  3.58565  0.61958  0.77255  0.48576  0.95510
     55   3.48119  0.25334  5.05691  4.95877  4.88174  3.93726  5.48347  4.18827  4.81746  4.04397  5.19624  4.80664  4.68042  5.13667  4.81826  3.74873  3.99824  3.87533  6.10474  5.15198     84 C - - -
          2.68618  4.42225  2.77519  2.73123  3.46354  2.40513  3.72494  3.29354  2.67741  2.69355  4.24690  2.90347  2.73739  3.18146  2.89801  2.37887  2.77519  2.98518  4.58477  3.61503
          0.15659  4.48031  2.01281  0.61958  0.77255  0.46295  0.99270
     56   2.15402  4.77610  3.10714  2.36763  4.01053  2.36862  3.71815  3.41475  2.52651  3.03977  3.86887  3.06115  3.89389  2.88735  2.57255  2.71562  2.66048  3.11000  3.85705  3.99069     85 a - - -
          2.68595  4.42244  2.77503  2.73124  3.46373  2.40477  3.72466  3.29342  2.67760  2.69374  4.24709  2.90366  2.73745  3.18144  2.89780  2.37906  2.77539  2.98502  4.58496  3.61522
          0.44772  1.01911        *  0.90646  0.51743  0.00000        *
//
